0
683
0
0
0
20562
7951
0
0
0
0
0
0
0
3960
0
0
43282
171
0
43282
43294
43282
43305
43282
0
0
0
0
0
0
0
0
0
0
0
0
0
0
0
0
0
0
0
0
0
0
0
0
62445
0
0
0
39201
0
0
0
79871
79871
79871
0
87936
0
171
16645
0
0
0
0
0
0
0
43282
38
38
38
38
38
38
38
38
0
27540
27540
27540
27540
27540
27540
27540
27540
27540
27540
27540
27540
27540
27540
27540
0
0
20083
20083
20083
20083
20083
20083
20083
20083
20083
20083
20083
20083
20083
20083
20083
20083
20083
51848
51848
51848
51848
51848
171
0
0
62641
62641
62641
62641
62641
62641
62641
0
